1701158965802264064
1701158966302231040
1704779097496609024
1704779097996581888
1704779098496534016
1704779098996453120
1704779101996048896
1704779102496112128
1704779102995974912
1704779103496037120
1704779103995894016
1704779104495953920
1704783415799187968
1704783416299229952
1704783416799395072
1704783417299325952
1704783417799367936
1704783418299553024
1704783418799483904
1704783419299677952
1704809702714330880
1704809703214419968
1704809703714467072
1704809704214543104
1704809704714588928
1704809705214784000
1704809705714718976
1704809706214914048
1704809706714849024
1704809707215043072
1704809707715086080
1704809708215174912
1704809708715220992
1704809709215307008
1704809709715354112
1704809710215545088
1704809710715480064
1704809711215680000
1704809711715618048
1704809712215804928
1704809712715739904
1704809713215928064
1704809713715973120
1704809714216068096
1704809714716112896
1704809715216196096
1704867911062073088
1704867911562099968
1704867912062046976
1704867912562072064
1704867913062061056
1704867913561975040
1704867932559428096
1704867933059414016
1704867933559312896
1704867934059299072
1704867934559107072
1704867935059089920
1704868885604023040
1704868886104119040
1704868886603921920
1704868887103907072
1704868887603890944
1704868888103694080
1704868888603678976
1704868889103483904
1704868889603579904
1704868890103380992
1704868890603365120
1704868891103168000
1704868891603154944
1704868892102956032
1704868892602940928
1704868893102853120
1704868893602838016
1704868894102640128
1704868894602626048
1704887441608609024
1704887442108390912
1704887442608418048
1704887443108356096
1704887443608382976
1704887444108251904
1704887444608276992
1704887445108264960
1704887445608290048
1704887446108167936
1704887446608194048
1704887447108184064
1704887447608208896
1704887497099535104
1704887497599521024
1704887498099440128
1704887498599426048
1704887499099230976
1704887499599216896
1704887500099021056
1704887500599006976
1704887501098797056
1704887501598894080
1704887502098695936
1704887502598682112
1704887503098486016
1704887503598471936
1704887504098277120
1704887504598263040
1704887567094980096
1704887567594786048
1704887568094774016
1704887568594757120
1704887569094671104
1704887569594657024
1704887574593723904
1704887575093518080
1704887575593504000
1704891518537524992
1704891521037179904
1704891522036976128
1704891522536776960
1704891523036756992
1704891523536642048
1704891524036666880
1704891525036679936
1704891526036581888
1704891526536570112
1704891760805053952
1704891761304851968
1704954117464336896
1704954117964311040
1704954118464335872
1704954118964335104
1704954119464250112
1704954120464269056
1704954120964292096
1704954121464269056
1704954121964184064
1704954122464168960
1704954122964195072
1704954123464186112
1704954123964102912
1704954124464090880
1704974782519924992
1704974783520022016
1704974784520192000
1704976138467475968
1704976138967461120
1704976139467358976
1704976139967346944
1704976140467142912
1704976140967128064
1704976141466929920
1704976141966915072
1704976142466716928
1704977077413544960
1704977077913509120
1704977078413437952
1704977078913402880
1704977079413211904
1704977079913285120
1704977081912984064
1704977082412786944
1704977082912772096
1704977083412574976
1704977083912560128
1704977084412363008
1704977084912346112
1704977085412285952
1704977085912271104
1704977086412098048
1704977086912082944
1704977087411869952
1704977087911851008
1705029245497989120
1705029245998163968
1705029246498120960
1705029246998187008
1705029247498249984
1705029247998309888
1705029248498375936
1705029248998439936
1705029249498394880
1705029249998568960
1705029250498522880
1705029250998587904
1705029251498760960
1705029251998825984
1705029252498900992
1705029252998856960
1705029253498939904
1705029253998895104
1705029254499019008
1705029254998973952
1705029255499037952
1705029255999106048
1705029256499177984
1705029256999243008
1705126003222980096
1705126003722958080
1705126336214876928
1705126336714961920
1705126569524566016
1705126570024642048
1705126570524679936
1705126571024760064
1705126571524797952
1705126572024990976
1705126572524922112
1705126573025115904
1705126716536910080
1705126717036912896
1705126717536923904
1705126718036925952
1705126718536935936
1705126719036937984
1705126719536943104
1705126720036944896
1705126720536951040
1705126721036954112
1705126721536958976
1705126722036962048
1705126722536968960
1705126723036972032
1705126723536985088
1705126724036985088
1705126724537029120
1705152265399183104
1705152265899115008
1705152268899630080
1705152269399799040
1705152269899730944
1705152277400839936
1705152277900962048
1705152278401005056
1705152278901094912
1705152279401137920
1705152279901210880
1705152280401253120
1705152280901402880
1705152281401335040
1705152281901555968
1705152282401598976
1705152519822545920
1705200406318148096
1705200406818067968
1705212078168499968
1705212078668541952
1705212079168624128
1705212079668666112
1705212080168859904
1705212080668792064
1705212081168983040
1705237575360177920
1705237575860178944
1705237576360186112
1705237576860200960
1705237577360201984
1705237577860218112
1705237578360220928
1705237578860188928
1705237579360192000
1705237579860192000
1705237580360196096
1705237580860198912
1705239329800782080
1705239330300694016
1705239330800678912
1705239331300477952
1705239331800463104
1705239332300263936
1705239332800249088
1705239333300048896
1705239333800144896
1705239334299963904
1705323625216564992
1705323626216599040
1705323626716621056
1705323627216627968
1705323627716538880
1705323628216548096
1705323628716529920
1705323629216324096
1705323629716305920
1705325214664281088
1705325215164281088
1705325215664296960
1705325216164300032
1705325216664264960
1705325217164268032
1705325217664249088
1705325218164251904
1705325218664252928
1705325219164256000
1705325219664265984
1705325220164269056
1705325220664282112
1705325221164284928
1705387057632704000
1705387058132803072
1705387058632608000
1705387059132594944
1705387059632400896
1705387060132387072
1705387060632200960
1705387061132189952
1705387061632067072
1705387062132158976
1705387062631901952
1705387063131888896
1705387063631672064
1705387064131659008
1705387064631463936
1705387065131450880
1705387065631439104
1705387066131247104
1705387066631344896
1705387067131151872
1705387067631139072
1705387068130947072
1705387068630934016
1705387069130745088
1705387069630732032
1705387070130528000
1705387070630515968
1705406959024590080
1705406959524391936
1705406960024377088
1705409536431316992
1705409687909936896
1705409688409923072
1705409688909967104
1705409979905358080
1705409980405347072
1705409980905370880
1705409981405263872
1705409981905287936
1705463096282832896
1705463096782839040
1705463097282840064
1705492440637801984
1705492441137864960
1705492441637926912
1705492442137990912
1705492442638052096
1705492443138003968
1705492443638194944
1705492444138148096
1705492444638312960
1705492445138285056
1705492445638390016
1705492446138414080
1705492446638298112
1705492447138321920
1705492447638260992
1705492448138285056
1705492448638249984
1705492449138164992
1705492449638149888
1705492450138172928
1705492450638183936
1705492451138099968
1705492451638132992
1705492452138157056
1705492452638183936
1705492453138166016
1705492453638084096
1705492454138013952
1705492454638035968
1705492455138020096
1705492455638043904
1705492456137925120
1705492456637948928
1705492457137998080
1705492457638021888
1705492458137893888
1705492458637917952
1705492459137893120
1705492459637914880
1705544664886512896
1705583331577284096
1705583332077292032
1705583332577296896
1705583333077304064
1705583334577321984
1705583427071113984
1705583427571193088
1705583647549635072
1705583648049818880
1705583648549751040
1705583649049981952
1705583649550023936
1705583650050115072
1705583650550158080
1705583651050306048
1705583654050672128
1705583654550714880
1705583655050795008
1705670576784132096
1705673673833632000
1705673674333840896
1705673674833883904
1705673675333953024
1705673675833998080
1705717628637607936
1705717629137686016
1705717629637475072
1705717630137440000
1705717630637363968
1705717631137331968
1705717631637178880
1705717632137146880
1705717632637178112
1705717633137145088
1705717633636923904
1705717634137008128
1705717634636754944
1705717635136742912
1705717635636530944
1705717636136519936
1705717636636333056
1705717637136322048
1705721859938949120
1705721860439138048
1705721860939075072
1705721861439122944
1705721861939207936
1705721862439254016
1705721862939343104
1705721863439389952
1705721863939584000
1705721864439521024
1705721864939724032
1705989809481492992
1706104345406571008
1706104345906575872
1706104346406584064
1706104346906589952
1706104347406600960
1706104347906496000
1706104348406614016
1706104348906548992
1706104349406747904
1706165739247919104
1706165739747728896
1706165740247717888
1706165740747525888
1706165808335577088
1706165808835566080
1706165809335375872
1706184143568077056
1706184144067876096
1706184144567866880
1706184145067680000
1706184145567671040
1706184146067535104
1706184146567524096
1706184147167355904
1706185328680921088
1706185329180845056
1706185329680828928
1706185330180638976
1706185330680624128
1706185331180414976
1706185331680399872
1706185332180177920
1706185332680272896
1706185333180086016
1706185333680070912
1706185334179885056
1706185334679869952
1706185619071718912
1706185619571727104
1706185620071747072
1706185620571756032
1706185621071636992
1706185621571644928
1706185622071661056
1706185622571668992
1706185623071666944
1706185623571675904
1706185624071682048
1706185624571691008
1706185625071694080
1706185625571702016
1706185626071724032
1706185626571732992
1706185627071738880
1706185627571635968
1706193242880875008
1706193243380729088
1706193244380721920
1706193244880748032
1706193245380622080
1706193245880654080
1706193246380647936
1706193246880674048
1706193303885745920
1706193304385793024
1706193304885979904
1706193305385914880
1706193305886103040
1706193306386036992
1706193306886221056
1706193332389829120
1706193333389966080
1706193333890149120
1706193334390193920
1706193335890403072
1706238301703267072
1706238302203089920
1706238302703169024
1706238303203005952
